0 0.00
1 0.00
2 0.00
3 0.00
4 0.00
5 0.00
6 0.00
7 0.00
8 0.00
9 0.00
10 0.00
11 0.00
12 0.00
13 0.03
14 0.07
15 0.11
16 0.17
17 0.23
18 0.30
19 0.37
20 0.44
21 0.52
22 0.59
23 0.66
24 0.73
25 0.80
26 0.87
27 0.94
28 1.00
29 1.07
30 1.12
31 1.18
32 1.24
33 1.30
34 1.35
35 1.40
36 1.45
37 1.49
38 1.54
39 1.58
40 1.62
41 1.66
42 1.70
43 1.74
44 1.77
45 1.80
46 1.83
47 1.86
48 1.89
49 1.92
50 1.94
51 1.96
52 1.99
53 2.01
54 2.03
55 2.05
56 2.07
57 2.09
58 2.11
59 2.12
60 2.14
61 2.16
62 2.17
63 2.18
64 2.19
65 2.20
66 2.22
67 2.23
68 2.24
69 2.25
70 2.26
71 2.27
72 2.28
73 2.29
74 2.30
75 2.30
76 2.31
77 2.32
78 2.33
79 2.33
80 2.34
81 2.35
82 2.35
83 2.36
84 2.36
85 2.37
86 2.37
87 2.38
88 2.38
89 2.38
90 2.39
91 2.39
92 2.39
93 2.40
94 2.40
95 2.40
96 2.40
97 2.41
98 2.41
99 2.41
100 2.42
101 2.42
102 2.42
103 2.42
104 2.42
105 2.43
106 2.43
107 2.43
108 2.43
109 2.43
110 2.43
111 2.44
112 2.44
113 2.44
114 2.44
115 2.44
116 2.44
117 2.44
118 2.45
119 2.45
120 2.45
121 2.45
122 2.45
123 2.45
124 2.45
125 2.45
126 2.45
127 2.46
128 2.46
129 2.46
130 2.46
131 2.46
132 2.46
133 2.46
134 2.46
135 2.46
136 2.46
137 2.46
138 2.46
139 2.46
140 2.46
141 2.46
142 2.46
143 2.46
144 2.46
145 2.46
146 2.46
147 2.47
148 2.47
149 2.47
150 2.47
151 2.47
152 2.47
153 2.47
154 2.47
155 2.47
156 2.47
157 2.47
158 2.47
159 2.47
160 2.47
161 2.47
162 2.47
163 2.47
164 2.47
165 2.47
166 2.47
167 2.47
168 2.47
169 2.47
170 2.47
171 2.47
172 2.47
173 2.47
174 2.47
175 2.47
176 2.47
177 2.47
178 2.47
179 2.47
180 2.47
181 2.47
182 2.47
183 2.47
184 2.47
185 2.47
186 2.47
187 2.47
188 2.47
189 2.47
190 2.47
191 2.47
192 2.47
193 2.47
194 2.47
195 2.47
196 2.47
197 2.47
198 2.47
199 2.48
200 2.47
201 2.47
202 2.47
203 2.47
204 2.47
205 2.48
206 2.48
207 2.47
208 2.47
209 2.47
210 2.47
211 2.47
212 2.47
213 2.48
214 2.47
215 2.47
216 2.47
217 2.47
218 2.48
219 2.48
220 2.48
221 2.48
222 2.48
223 2.47
224 2.47
225 2.48
226 2.48
227 2.48
228 2.48
229 2.48
230 2.48
231 2.48
232 2.48
233 2.47
234 2.48
235 2.48
236 2.48
237 2.48
238 2.48
239 2.48
240 2.47
241 2.48
242 2.48
243 2.48
244 2.48
245 2.48
246 2.48
247 2.48
248 2.48
249 2.48
250 2.48
251 2.48
252 2.48
253 2.48
254 2.48
255 2.48
256 2.48
257 2.48
258 2.48
259 2.48
260 2.48
261 2.48
262 2.48
263 2.48
264 2.48
265 2.48
266 2.48
267 2.48
268 2.48
269 2.48
270 2.48
271 2.48
272 2.48
273 2.48
274 2.48
275 2.48
276 2.48
277 2.48
278 2.48
279 2.48
280 2.48
281 2.48
282 2.48
283 2.48
284 2.48
285 2.48
286 2.48
287 2.48
288 2.48
289 2.48
290 2.48
291 2.48
292 2.48
293 2.48
294 2.48
295 2.48
296 2.48
297 2.48
298 2.48
299 2.48
300 2.48
301 2.48
302 2.48
303 2.48
304 2.48
305 2.48
306 2.48
307 2.48
308 2.48
309 2.48
310 2.48
311 2.48
312 2.48
313 2.48
314 2.48
315 2.48
316 2.48
317 2.48
318 2.48
319 2.48
320 2.48
321 2.48
322 2.48
323 2.48
324 2.48
325 2.48
326 2.48
327 2.48
328 2.48
329 2.48
330 2.48
331 2.48
332 2.48
333 2.48
334 2.48
335 2.48
336 2.48
337 2.48
338 2.48
339 2.48
340 2.48
341 2.48
342 2.48
343 2.48
344 2.48
345 2.48
346 2.48
347 2.48
348 2.48
349 2.48
350 2.48
351 2.48
352 2.48
353 2.48
354 2.48
355 2.48
356 2.48
357 2.48
358 2.48
359 2.48
360 2.48
361 2.48
362 2.48
363 2.48
364 2.48
365 2.48
366 2.48
367 2.48
368 2.48
369 2.48
370 2.48
371 2.48
372 2.48
373 2.48
374 2.48
375 2.48
376 2.48
377 2.48
378 2.48
379 2.48
380 2.48
381 2.48
382 2.48
383 2.48
384 2.48
385 2.48
386 2.48
387 2.48
388 2.48
389 2.48
390 2.48
391 2.48
392 2.48
393 2.48
394 2.48
395 2.48
396 2.48
397 2.48
398 2.48
399 2.48
400 2.48
401 2.48
402 2.48
403 2.48
404 2.48
405 2.48
406 2.48
407 2.48
408 2.48
409 2.48
410 2.48
411 2.48
412 2.48
413 2.48
414 2.48
415 2.48
416 2.48
417 2.48
418 2.48
419 2.48
420 2.48
421 2.48
422 2.48
423 2.48
424 2.48
425 2.48
426 2.48
427 2.48
428 2.48
429 2.48
430 2.48
431 2.48
432 2.48
433 2.48
434 2.48
435 2.48
436 2.48
437 2.48
438 2.48
439 2.48
440 2.48
441 2.48
442 2.48
443 2.48
444 2.48
445 2.48
446 2.48
447 2.48
448 2.48
449 2.48
450 2.48
451 2.48
452 2.48
453 2.48
454 2.48
455 2.48
456 2.48
457 2.48
458 2.48
459 2.48
460 2.48
461 2.48
462 2.48
463 2.48
464 2.48
465 2.48
466 2.48
467 2.48
468 2.48
469 2.48
470 2.48
471 2.48
472 2.48
473 2.48
474 2.48
475 2.48
476 2.48
477 2.48
478 2.48
479 2.48
480 2.48
481 2.48
482 2.48
483 2.48
484 2.48
485 2.48
486 2.48
487 2.48
488 2.48
489 2.48
490 2.48
491 2.48
492 2.48
493 2.48
494 2.48
495 2.48
496 2.48
497 2.48
498 2.48
499 2.48
500 2.48
501 2.48
502 2.48
503 2.48
504 2.48
505 2.48
506 2.48
507 2.48
508 2.48
509 2.48
510 2.48
511 2.48
512 2.48
513 2.48
514 2.48
515 2.48
516 2.48
517 2.48
518 2.48
519 2.48
520 2.48
521 2.48
522 2.48
523 2.48
524 2.48
525 2.48
526 2.48
527 2.48
528 2.48
529 2.48
530 2.48
531 2.48
532 2.48
