0.00 0.00 0.00
0.10 0.00 0.00
0.20 0.00 0.00
0.30 0.00 0.00
0.40 0.00 0.00
0.50 0.00 0.00
0.60 0.00 0.00
0.70 0.00 0.00
0.80 0.00 0.00
0.90 0.00 0.00
1.00 0.00 0.00
1.10 0.00 5.00
1.20 0.01 5.00
1.30 0.06 5.00
1.40 0.15 5.00
1.50 0.25 5.00
1.60 0.37 5.00
1.70 0.49 4.87
1.80 0.63 4.48
1.90 0.77 4.16
2.00 0.91 3.91
2.10 1.04 3.70
2.20 1.17 3.54
2.30 1.29 3.40
2.40 1.40 3.28
2.50 1.51 3.18
2.60 1.60 3.10
2.70 1.70 3.03
2.80 1.78 2.96
2.90 1.85 2.91
3.00 1.92 2.86
3.10 1.98 2.82
3.20 2.03 2.78
3.30 2.08 2.75
3.40 2.13 2.72
3.50 2.17 2.70
3.60 2.20 2.67
3.70 2.23 2.66
3.80 2.26 2.64
3.90 2.29 2.62
4.00 2.31 2.61
4.10 2.33 2.60
4.20 2.35 2.59
4.30 2.36 2.58
4.40 2.38 2.57
4.50 2.39 2.57
4.60 2.40 2.56
4.70 2.41 2.55
4.80 2.41 2.55
4.90 2.42 2.55
5.00 2.43 2.55
5.10 2.43 2.54
5.20 2.44 2.54
5.30 2.44 2.54
5.40 2.45 2.54
5.50 2.45 2.53
5.60 2.45 2.53
5.70 2.46 2.53
5.80 2.46 2.53
5.90 2.46 2.53
6.00 2.46 2.53
6.10 2.47 2.52
6.20 2.47 2.52
6.30 2.47 2.52
6.40 2.47 2.52
6.50 2.47 2.52
6.60 2.47 2.52
6.70 2.47 2.52
6.80 2.47 2.52
6.90 2.48 2.52
7.00 2.47 2.52
7.10 2.48 2.52
7.20 2.48 2.52
7.30 2.48 2.52
7.40 2.48 2.52
7.50 2.48 2.52
7.60 2.48 2.52
7.70 2.48 2.52
7.80 2.48 2.52
7.90 2.48 2.52
8.00 2.48 2.52
8.10 2.48 2.52
8.20 2.48 2.52
8.30 2.48 2.52
8.40 2.48 2.52
8.50 2.48 2.52
8.60 2.48 2.52
8.70 2.48 2.51
8.80 2.48 2.51
8.90 2.48 2.51
9.00 2.48 2.51
9.10 2.48 2.51
9.20 2.48 2.52
9.30 2.48 2.52
9.40 2.48 2.52
9.50 2.48 2.52
9.60 2.48 2.52
9.70 2.48 2.52
9.80 2.49 2.51
9.90 2.49 2.51
10.00 2.48 2.51
10.10 2.49 2.51
10.20 2.49 2.51
10.30 2.49 2.51
10.40 2.49 2.51
10.50 2.49 2.51
10.60 2.49 2.51
10.70 2.49 2.51
10.80 2.49 2.51
10.90 2.49 2.51
11.00 2.49 2.51
11.10 2.49 2.51
11.20 2.49 2.51
11.30 2.49 2.51
11.40 2.49 2.51
11.50 2.49 2.51
11.60 2.49 2.51
11.70 2.49 2.51
11.80 2.49 2.51
11.90 2.49 2.51
12.00 2.49 2.51
12.10 2.49 2.51
12.20 2.49 2.51
12.30 2.49 2.51
12.40 2.49 2.51
12.50 2.49 2.51
12.60 2.49 2.51
12.70 2.49 2.51
12.80 2.49 2.51
12.90 2.49 2.51
13.00 2.49 2.51
13.10 2.49 2.51
13.20 2.49 2.51
13.30 2.49 2.51
13.40 2.49 2.51
13.50 2.49 2.51
13.60 2.49 2.51
13.70 2.49 2.51
13.80 2.49 2.51
13.90 2.49 2.51
14.00 2.49 2.51
14.10 2.49 2.51
14.20 2.49 2.51
14.30 2.49 2.51
14.40 2.49 2.51
14.50 2.49 2.51
14.60 2.49 2.51
14.70 2.49 2.51
14.80 2.49 2.51
14.90 2.49 2.51
15.00 2.49 2.51
15.10 2.49 2.51
15.20 2.49 2.51
15.30 2.49 2.51
15.40 2.49 2.51
15.50 2.49 2.51
15.60 2.49 2.51
15.70 2.49 2.51
15.80 2.49 2.51
15.90 2.49 2.51
16.00 2.49 2.51
16.10 2.49 2.51
16.20 2.49 2.51
16.30 2.49 2.51
16.40 2.49 2.51
16.50 2.49 2.51
16.60 2.49 2.51
16.70 2.49 2.51
16.80 2.49 2.51
16.90 2.49 2.51
17.00 2.49 2.51
17.10 2.49 2.51
17.20 2.49 2.51
17.30 2.49 2.51
17.40 2.49 2.51
17.50 2.49 2.51
17.60 2.49 2.51
17.70 2.49 2.51
17.80 2.49 2.51
17.90 2.49 2.51
18.00 2.49 2.51
18.10 2.49 2.51
18.20 2.49 2.51
18.30 2.49 2.51
18.40 2.49 2.51
18.50 2.49 2.51
18.60 2.49 2.51
18.70 2.49 2.51
18.80 2.49 2.51
18.90 2.49 2.51
19.00 2.49 2.51
19.10 2.49 2.51
19.20 2.49 2.51
19.30 2.49 2.51
19.40 2.49 2.51
19.50 2.49 2.51
19.60 2.49 2.51
19.70 2.49 2.51
19.80 2.49 2.51
19.90 2.49 2.51
20.00 2.49 2.51
20.10 2.49 2.51
20.20 2.49 2.51
20.30 2.49 2.51
20.40 2.49 2.51
20.50 2.49 2.51
20.60 2.49 2.51
20.70 2.49 2.51
20.80 2.49 2.51
20.90 2.49 2.51
21.00 2.49 2.51
21.10 2.49 2.51
21.20 2.49 2.51
21.30 2.49 2.51
21.40 2.49 2.51
21.50 2.49 2.51
21.60 2.49 2.51
21.70 2.49 2.51
21.80 2.49 2.51
21.90 2.49 2.51
22.00 2.49 2.51
22.10 2.49 2.51
22.20 2.49 2.51
22.30 2.49 2.51
22.40 2.49 2.51
22.50 2.49 2.51
22.60 2.49 2.51
22.70 2.49 2.51
22.80 2.49 2.51
22.90 2.49 2.51
23.00 2.49 2.51
23.10 2.49 2.51
23.20 2.49 2.51
23.30 2.49 2.51
23.40 2.49 2.51
23.50 2.49 2.51
23.60 2.49 2.51
23.70 2.49 2.51
23.80 2.49 2.51
23.90 2.49 2.51
24.00 2.49 2.51
24.10 2.49 2.51
24.20 2.49 2.51
24.30 2.49 2.51
24.40 2.49 2.51
24.50 2.49 2.51
24.60 2.49 2.51
24.70 2.49 2.51
24.80 2.49 2.51
24.90 2.49 2.51
25.00 2.49 2.51
25.10 2.49 2.51
25.20 2.49 2.51
25.30 2.49 2.51
25.40 2.49 2.51
25.50 2.49 2.51
25.60 2.49 2.51
25.70 2.49 2.51
25.80 2.49 2.51
25.90 2.49 2.51
26.00 2.49 2.51
26.10 2.49 2.51
26.20 2.49 2.51
26.30 2.49 2.51
26.40 2.49 2.51
26.50 2.49 2.51
26.60 2.49 2.51
26.70 2.49 2.51
26.80 2.49 2.51
26.90 2.49 2.51
27.00 2.49 2.51
27.10 2.49 2.51
27.20 2.49 2.51
27.30 2.49 2.51
27.40 2.49 2.51
27.50 2.49 2.51
27.60 2.49 2.51
27.70 2.49 2.51
27.80 2.49 2.51
27.90 2.49 2.51
28.00 2.49 2.51
28.10 2.49 2.51
28.20 2.49 2.51
28.30 2.49 2.51
28.40 2.49 2.51
28.50 2.49 2.51
28.60 2.49 2.51
28.70 2.49 2.51
28.80 2.49 2.51
28.90 2.49 2.51
29.00 2.49 2.51
29.10 2.49 2.51
29.20 2.49 2.51
29.30 2.49 2.51
29.40 2.49 2.51
29.50 2.49 2.51
29.60 2.49 2.51
29.70 2.49 2.51
29.80 2.49 2.51
29.90 2.49 2.51
30.00 2.49 2.51
30.10 2.49 2.51
30.20 2.49 2.51
30.30 2.49 2.51
30.40 2.49 2.51
30.50 2.49 2.51
30.60 2.49 2.51
30.70 2.49 2.51
30.80 2.49 2.51
30.90 2.49 2.51
31.00 2.49 2.51
31.10 2.49 2.51
31.20 2.49 2.51
31.30 2.49 2.51
31.40 2.49 2.51
31.50 2.49 2.51
31.60 2.49 2.51
31.70 2.49 2.51
31.80 2.49 2.51
31.90 2.49 2.51
32.00 2.49 2.51
32.10 2.49 2.51
32.20 2.49 2.51
32.30 2.49 2.51
32.40 2.49 2.51
32.50 2.49 2.51
32.60 2.49 2.51
32.70 2.49 2.51
32.80 2.49 2.51
32.90 2.49 2.51
33.00 2.49 2.51
33.10 2.49 2.50
33.20 2.49 2.51
33.30 2.49 2.51
33.40 2.49 2.51
33.50 2.49 2.51
33.60 2.49 2.51
33.70 2.49 2.51
33.80 2.49 2.51
33.90 2.49 2.51
34.00 2.49 2.51
34.10 2.49 2.51
34.20 2.49 2.51
34.30 2.49 2.51
34.40 2.49 2.51
34.50 2.49 2.51
34.60 2.49 2.51
34.70 2.49 2.51
34.80 2.49 2.51
34.90 2.49 2.51
35.00 2.49 2.51
35.10 2.49 2.51
35.20 2.49 2.51
35.30 2.49 2.51
35.40 2.49 2.51
35.50 2.49 2.51
35.60 2.49 2.51
35.70 2.49 2.51
35.80 2.49 2.51
35.90 2.49 2.51
36.00 2.49 2.51
36.10 2.49 2.51
36.20 2.49 2.51
36.30 2.49 2.51
36.40 2.49 2.51
36.50 2.49 2.51
36.60 2.49 2.51
36.70 2.49 2.51
36.80 2.49 2.51
36.90 2.49 2.51
37.00 2.49 2.51
37.10 2.49 2.51
37.20 2.49 2.51
37.30 2.49 2.51
37.40 2.49 2.51
37.50 2.49 2.51
37.60 2.49 2.51
37.70 2.49 2.51
37.80 2.49 2.51
37.90 2.49 2.51
38.00 2.49 2.51
38.10 2.49 2.51
38.20 2.49 2.51
38.30 2.49 2.51
38.40 2.49 2.51
38.50 2.49 2.51
38.60 2.49 2.51
38.70 2.49 2.51
38.80 2.49 2.51
38.90 2.49 2.51
39.00 2.49 2.51
39.10 2.49 2.51
39.20 2.49 2.51
39.30 2.49 2.51
39.40 2.49 2.51
39.50 2.49 2.51
39.60 2.49 2.51
39.70 2.49 2.51
39.80 2.49 2.51
39.90 2.49 2.51
40.00 2.49 2.51
40.10 2.49 2.51
40.20 2.49 2.51
40.30 2.49 2.51
40.40 2.49 2.51
40.50 2.49 2.51
40.60 2.49 2.51
40.70 2.49 2.51
40.80 2.49 2.51
40.90 2.49 2.51
41.00 2.49 2.51
41.10 2.49 2.51
41.20 2.49 2.51
41.30 2.49 2.51
41.40 2.49 2.51
41.50 2.49 2.51
41.60 2.49 2.51
41.70 2.49 2.51
41.80 2.49 2.51
41.90 2.49 2.51
42.00 2.49 2.51
42.10 2.49 2.51
42.20 2.49 2.51
42.30 2.49 2.51
42.40 2.49 2.51
42.50 2.49 2.51
42.60 2.49 2.51
42.70 2.49 2.51
42.80 2.49 2.51
42.90 2.49 2.51
43.00 2.49 2.51
43.10 2.49 2.51
43.20 2.49 2.51
43.30 2.49 2.51
43.40 2.49 2.51
43.50 2.49 2.51
43.60 2.49 2.51
43.70 2.49 2.51
43.80 2.49 2.51
43.90 2.49 2.51
44.00 2.49 2.51
44.10 2.49 2.51
44.20 2.49 2.51
44.30 2.49 2.51
44.40 2.49 2.51
44.50 2.49 2.51
44.60 2.49 2.51
44.70 2.49 2.51
44.80 2.49 2.51
44.90 2.49 2.51
45.00 2.49 2.51
45.10 2.49 2.51
45.20 2.49 2.51
45.30 2.49 2.51
45.40 2.49 2.51
45.50 2.49 2.51
45.60 2.49 2.51
45.70 2.49 2.51
45.80 2.49 2.51
45.90 2.49 2.51
46.00 2.49 2.51
46.10 2.49 2.51
46.20 2.49 2.51
46.30 2.49 2.51
46.40 2.49 2.51
46.50 2.49 2.51
46.60 2.49 2.51
46.70 2.49 2.51
46.80 2.49 2.51
46.90 2.49 2.51
47.00 2.49 2.51
47.10 2.49 2.51
47.20 2.49 2.51
47.30 2.49 2.51
47.40 2.49 2.51
47.50 2.49 2.51
47.60 2.49 2.51
47.70 2.49 2.51
47.80 2.49 2.51
47.90 2.49 2.51
48.00 2.49 2.51
48.10 2.49 2.51
48.20 2.49 2.51
48.30 2.49 2.51
48.40 2.49 2.51
48.50 2.49 2.51
48.60 2.49 2.51
48.70 2.49 2.51
48.80 2.49 2.51
48.90 2.49 2.51
49.00 2.49 2.51
49.10 2.49 2.51
49.20 2.49 2.51
49.30 2.49 2.51
49.40 2.49 2.51
49.50 2.49 2.51
49.60 2.49 2.51
49.70 2.49 2.51
49.80 2.49 2.51
49.90 2.49 2.51
50.00 2.49 2.51
50.10 2.49 2.51
50.20 2.49 2.51
50.30 2.49 2.51
50.40 2.49 2.51
50.50 2.49 2.51
50.60 2.49 2.51
50.70 2.49 2.51
50.80 2.49 2.51
50.90 2.49 2.51
51.00 2.49 2.51
51.10 2.49 2.51
51.20 2.49 2.51
51.30 2.49 2.51
51.40 2.49 2.51
51.50 2.49 2.51
51.60 2.49 2.51
51.70 2.49 2.51
51.80 2.49 2.51
51.90 2.49 2.51
52.00 2.49 2.51
52.10 2.49 2.51
52.20 2.49 2.51
52.30 2.49 2.51
52.40 2.49 2.51
52.50 2.49 2.51
52.60 2.49 2.51
52.70 2.49 2.51
52.80 2.49 2.51
52.90 2.49 2.51
53.00 2.49 2.51
53.10 2.49 2.51
53.20 2.49 2.51
53.30 2.49 2.51
