0.00 0.02 0.00 67.00
0.10 0.02 0.00 67.00
0.20 0.02 0.00 67.00
0.30 0.02 0.00 67.00
0.40 0.02 0.00 67.00
0.50 0.02 0.00 67.00
0.60 0.02 0.00 67.00
0.70 0.02 0.00 67.00
0.80 0.02 0.00 67.00
0.90 0.02 0.00 67.00
1.00 0.02 0.00 67.00
1.10 0.02 5.00 67.00
1.20 0.03 5.00 67.00
1.30 0.07 5.00 67.00
1.40 0.15 5.00 67.00
1.50 0.25 5.00 67.00
1.60 0.37 5.00 67.00
1.70 0.50 5.00 67.00
1.80 0.64 5.00 67.00
1.90 0.78 5.00 67.00
2.00 0.93 5.00 67.00
2.10 1.08 5.00 67.00
2.20 1.23 5.00 67.00
2.30 1.37 5.00 67.00
2.40 1.52 5.00 67.00
2.50 1.67 4.26 67.00
2.60 1.80 3.52 67.00
2.70 1.93 3.05 67.00
2.80 2.04 2.80 67.00
2.90 2.14 2.63 67.00
3.00 2.21 2.54 67.00
3.10 2.28 2.49 67.00
3.20 2.33 2.45 67.00
3.30 2.38 2.41 67.00
3.40 2.41 2.39 67.00
3.50 2.43 2.40 67.00
3.60 2.46 2.37 67.00
3.70 2.47 2.38 67.00
3.80 2.48 2.41 67.00
3.90 2.49 2.41 67.00
4.00 2.50 2.43 67.00
4.10 2.50 2.43 67.00
4.20 2.50 2.46 67.00
4.30 2.50 2.48 67.00
4.40 2.50 2.49 67.00
4.50 2.50 2.49 67.00
4.60 2.50 2.49 67.00
4.70 2.50 2.49 67.00
4.80 2.50 2.49 67.00
4.90 2.50 2.53 67.00
5.00 2.50 2.53 67.00
5.10 2.50 2.52 67.00
5.20 2.50 2.51 67.00
5.30 2.50 2.51 67.00
5.40 2.50 2.51 67.00
5.50 2.49 2.54 67.00
5.60 2.49 2.55 67.00
5.70 2.49 2.54 67.00
5.80 2.49 2.53 67.00
5.90 2.49 2.53 67.00
6.00 2.49 2.53 67.00
6.10 2.49 2.53 67.00
6.20 2.49 2.53 67.00
6.30 2.49 2.53 67.00
6.40 2.49 2.53 67.00
6.50 2.49 2.53 67.00
6.60 2.49 2.53 67.00
6.70 2.49 2.53 67.00
6.80 2.49 2.53 67.00
6.90 2.49 2.53 67.00
7.00 2.49 2.53 67.00
7.10 2.49 2.53 67.00
7.20 2.49 2.53 67.00
7.30 2.49 2.53 67.00
7.40 2.49 2.56 67.00
7.50 2.49 2.53 67.00
7.60 2.49 2.56 67.00
7.70 2.49 2.52 67.00
7.80 2.49 2.51 67.00
7.90 2.49 2.52 67.00
8.00 2.50 2.49 67.00
8.10 2.49 2.52 67.00
8.20 2.49 2.54 67.00
8.30 2.49 2.54 67.00
8.40 2.49 2.53 67.00
8.50 2.49 2.53 67.00
8.60 2.49 2.53 67.00
8.70 2.49 2.53 67.00
8.80 2.50 2.49 67.00
8.90 2.49 2.52 67.00
9.00 2.49 2.54 67.00
9.10 2.49 2.54 67.00
9.20 2.50 2.49 67.00
9.30 2.49 2.53 67.00
9.40 2.49 2.54 67.00
9.50 2.49 2.53 67.00
9.60 2.49 2.53 67.00
9.70 2.50 2.49 67.00
9.80 2.50 2.49 67.00
9.90 2.49 2.53 67.00
10.00 2.49 2.54 67.00
10.10 2.50 2.50 67.00
10.20 2.50 2.49 67.00
10.30 2.50 2.50 67.00
10.40 2.50 2.50 67.00
10.50 2.50 2.51 67.00
10.60 2.50 2.51 67.00
10.70 2.50 2.51 67.00
10.80 2.50 2.51 67.00
10.90 2.49 2.55 67.00
11.00 2.50 2.51 67.00
11.10 2.49 2.54 67.00
11.20 2.49 2.54 67.00
11.30 2.50 2.50 67.00
11.40 2.50 2.49 67.00
11.50 2.50 2.50 67.00
11.60 2.50 2.50 67.00
11.70 2.50 2.51 67.00
11.80 2.50 2.51 67.00
11.90 2.49 2.55 67.00
12.00 2.49 2.55 67.00
12.10 2.49 2.54 67.00
12.20 2.49 2.53 67.00
12.30 2.50 2.49 67.00
12.40 2.50 2.49 67.00
12.50 2.50 2.50 67.00
12.60 2.50 2.50 67.00
12.70 2.50 2.47 67.00
12.80 2.50 2.51 67.00
12.90 2.50 2.52 67.00
13.00 2.50 2.52 67.00
13.10 2.50 2.51 67.00
13.20 2.50 2.51 67.00
13.30 2.50 2.51 67.00
13.40 2.50 2.51 67.00
13.50 2.50 2.51 67.00
13.60 2.50 2.51 67.00
13.70 2.50 2.51 67.00
13.80 2.50 2.51 67.00
13.90 2.50 2.51 67.00
14.00 2.50 2.51 67.00
14.10 2.50 2.51 67.00
14.20 2.50 2.51 67.00
14.30 2.50 2.51 67.00
14.40 2.50 2.51 67.00
14.50 2.50 2.51 67.00
14.60 2.50 2.51 67.00
14.70 2.50 2.51 67.00
14.80 2.50 2.51 67.00
14.90 2.50 2.51 67.00
15.00 2.49 2.55 67.00
15.10 2.49 2.55 67.00
15.20 2.49 2.54 67.00
15.30 2.49 2.53 67.00
15.40 2.49 2.53 67.00
15.50 2.50 2.49 67.00
15.60 2.50 2.49 67.00
15.70 2.50 2.50 67.00
15.80 2.50 2.50 67.00
15.90 2.50 2.51 67.00
16.00 2.50 2.51 67.00
16.10 2.50 2.51 67.00
16.20 2.50 2.51 67.00
16.30 2.50 2.51 67.00
16.40 2.50 2.51 67.00
16.50 2.50 2.51 67.00
16.60 2.50 2.51 67.00
16.70 2.50 2.51 67.00
16.80 2.50 2.51 67.00
16.90 2.50 2.47 67.00
17.00 2.50 2.47 67.00
17.10 2.50 2.52 67.00
17.20 2.50 2.53 67.00
17.30 2.50 2.52 67.00
17.40 2.49 2.55 67.00
17.50 2.49 2.55 67.00
17.60 2.50 2.50 67.00
17.70 2.50 2.49 67.00
17.80 2.50 2.50 67.00
17.90 2.50 2.50 67.00
18.00 2.50 2.51 67.00
18.10 2.50 2.51 67.00
18.20 2.49 2.55 67.00
18.30 2.49 2.55 67.00
18.40 2.50 2.50 67.00
18.50 2.50 2.49 67.00
18.60 2.50 2.50 67.00
18.70 2.50 2.50 67.00
18.80 2.50 2.51 67.00
18.90 2.50 2.51 67.00
19.00 2.50 2.51 67.00
19.10 2.50 2.51 67.00
19.20 2.49 2.55 67.00
19.30 2.49 2.55 67.00
19.40 2.50 2.50 67.00
19.50 2.49 2.53 67.00
19.60 2.49 2.54 67.00
19.70 2.49 2.53 67.00
19.80 2.50 2.49 67.00
19.90 2.50 2.49 67.00
20.00 2.50 2.50 67.00
20.10 2.49 2.54 67.00
20.20 2.49 2.55 67.00
20.30 2.49 2.54 67.00
20.40 2.49 2.53 67.00
20.50 2.50 2.49 67.00
20.60 2.50 2.49 67.00
20.70 2.50 2.50 67.00
20.80 2.50 2.50 67.00
20.90 2.50 2.51 67.00
21.00 2.50 2.51 67.00
21.10 2.49 2.55 67.00
21.20 2.49 2.55 67.00
21.30 2.49 2.54 67.00
21.40 2.49 2.53 67.00
21.50 2.49 2.53 67.00
21.60 2.49 2.53 67.00
21.70 2.49 2.53 67.00
21.80 2.50 2.49 67.00
21.90 2.50 2.49 67.00
22.00 2.50 2.50 67.00
22.10 2.49 2.54 67.00
22.20 2.49 2.55 67.00
22.30 2.49 2.54 67.00
22.40 2.49 2.53 67.00
22.50 2.49 2.53 67.00
22.60 2.49 2.53 67.00
22.70 2.50 2.49 67.00
22.80 2.50 2.49 67.00
22.90 2.50 2.50 67.00
23.00 2.50 2.50 67.00
23.10 2.49 2.55 67.00
23.20 2.49 2.55 67.00
23.30 2.49 2.54 67.00
23.40 2.49 2.53 67.00
23.50 2.49 2.53 67.00
23.60 2.49 2.53 67.00
23.70 2.49 2.53 67.00
23.80 2.49 2.53 67.00
23.90 2.50 2.49 67.00
24.00 2.50 2.49 67.00
24.10 2.49 2.53 67.00
24.20 2.49 2.54 67.00
24.30 2.49 2.54 67.00
24.40 2.49 2.53 67.00
24.50 2.49 2.53 67.00
24.60 2.49 2.53 67.00
24.70 2.50 2.49 67.00
24.80 2.50 2.49 67.00
24.90 2.50 2.50 67.00
25.00 2.50 2.50 67.00
25.10 2.49 2.55 67.00
25.20 2.49 2.55 67.00
25.30 2.49 2.58 67.00
25.40 2.49 2.53 67.00
25.50 2.49 2.52 67.00
25.60 2.49 2.52 67.00
25.70 2.49 2.52 67.00
25.80 2.49 2.53 67.00
25.90 2.49 2.53 67.00
26.00 2.50 2.49 67.00
26.10 2.50 2.49 67.00
26.20 2.50 2.50 67.00
26.30 2.49 2.54 67.00
26.40 2.49 2.55 67.00
26.50 2.49 2.54 67.00
26.60 2.49 2.53 67.00
26.70 2.49 2.53 67.00
26.80 2.49 2.53 67.00
26.90 2.50 2.49 67.00
27.00 2.49 2.52 67.00
27.10 2.50 2.50 67.00
27.20 2.50 2.50 67.00
27.30 2.49 2.54 67.00
27.40 2.49 2.55 67.00
27.50 2.49 2.54 67.00
27.60 2.49 2.53 67.00
27.70 2.49 2.53 67.00
27.80 2.49 2.53 67.00
27.90 2.49 2.53 67.00
28.00 2.50 2.49 67.00
28.10 2.49 2.52 67.00
28.20 2.50 2.50 67.00
28.30 2.49 2.53 67.00
28.40 2.49 2.54 67.00
28.50 2.49 2.57 67.00
28.60 2.49 2.53 67.00
28.70 2.49 2.52 67.00
28.80 2.49 2.52 67.00
28.90 2.50 2.49 67.00
29.00 2.49 2.52 67.00
29.10 2.49 2.54 67.00
29.20 2.49 2.54 67.00
29.30 2.50 2.50 67.00
29.40 2.49 2.53 67.00
29.50 2.49 2.54 67.00
29.60 2.49 2.53 67.00
29.70 2.49 2.53 67.00
29.80 2.50 2.49 67.00
29.90 2.50 2.49 67.00
30.00 2.50 2.50 67.00
30.10 2.50 2.50 67.00
30.20 2.50 2.51 67.00
30.30 2.50 2.51 67.00
30.40 2.49 2.55 67.00
30.50 2.49 2.55 67.00
30.60 2.49 2.54 67.00
30.70 2.50 2.49 67.00
30.80 2.50 2.49 67.00
30.90 2.50 2.50 67.00
31.00 2.50 2.50 67.00
31.10 2.50 2.51 67.00
31.20 2.50 2.51 67.00
31.30 2.50 2.51 67.00
31.40 2.49 2.55 67.00
31.50 2.49 2.55 67.00
31.60 2.49 2.54 67.00
31.70 2.49 2.53 67.00
31.80 2.49 2.53 67.00
31.90 2.49 2.53 67.00
32.00 2.50 2.49 67.00
32.10 2.50 2.49 67.00
32.20 2.50 2.50 67.00
32.30 2.50 2.50 67.00
32.40 2.49 2.55 67.00
32.50 2.49 2.55 67.00
32.60 2.49 2.54 67.00
32.70 2.49 2.53 67.00
32.80 2.49 2.53 67.00
32.90 2.49 2.53 67.00
33.00 2.50 2.49 67.00
33.10 2.50 2.49 67.00
33.20 2.50 2.50 67.00
33.30 2.50 2.50 67.00
33.40 2.50 2.51 67.00
33.50 2.49 2.55 67.00
33.60 2.49 2.55 67.00
33.70 2.49 2.54 67.00
33.80 2.50 2.49 67.00
33.90 2.50 2.49 67.00
34.00 2.49 2.53 67.00
34.10 2.50 2.51 67.00
34.20 2.50 2.50 67.00
34.30 2.49 2.54 67.00
34.40 2.49 2.55 67.00
34.50 2.49 2.54 67.00
34.60 2.49 2.53 67.00
34.70 2.49 2.53 67.00
34.80 2.49 2.53 67.00
34.90 2.49 2.53 67.00
35.00 2.49 2.53 67.00
35.10 2.49 2.53 67.00
35.20 2.49 2.53 67.00
35.30 2.49 2.53 67.00
35.40 2.50 2.49 67.00
35.50 2.49 2.52 67.00
35.60 2.49 2.54 67.00
35.70 2.49 2.54 67.00
35.80 2.49 2.53 67.00
35.90 2.49 2.53 67.00
36.00 2.49 2.53 67.00
36.10 2.50 2.49 67.00
36.20 2.50 2.49 67.00
36.30 2.50 2.50 67.00
36.40 2.50 2.50 67.00
36.50 2.49 2.55 67.00
36.60 2.49 2.55 67.00
36.70 2.49 2.54 67.00
36.80 2.49 2.53 67.00
36.90 2.50 2.49 67.00
37.00 2.49 2.52 67.00
37.10 2.49 2.53 67.00
37.20 2.50 2.50 67.00
37.30 2.50 2.49 67.00
37.40 2.50 2.50 67.00
37.50 2.50 2.50 67.00
37.60 2.50 2.51 67.00
37.70 2.50 2.51 67.00
37.80 2.50 2.51 67.00
37.90 2.49 2.55 67.00
38.00 2.49 2.55 67.00
38.10 2.50 2.50 67.00
38.20 2.50 2.49 67.00
38.30 2.50 2.50 67.00
38.40 2.50 2.50 67.00
38.50 2.50 2.51 67.00
38.60 2.50 2.51 67.00
38.70 2.49 2.55 67.00
38.80 2.50 2.51 67.00
38.90 2.49 2.54 67.00
39.00 2.50 2.50 67.00
39.10 2.49 2.53 67.00
39.20 2.50 2.50 67.00
39.30 2.50 2.50 67.00
39.40 2.50 2.50 67.00
39.50 2.50 2.51 67.00
39.60 2.50 2.51 67.00
39.70 2.50 2.51 67.00
39.80 2.49 2.55 67.00
39.90 2.50 2.51 67.00
40.00 2.49 2.54 67.00
40.10 2.50 2.50 67.00
40.20 2.50 2.50 67.00
40.30 2.50 2.50 67.00
40.40 2.50 2.50 67.00
40.50 2.50 2.51 67.00
40.60 2.50 2.51 67.00
40.70 2.50 2.51 67.00
40.80 2.50 2.51 67.00
40.90 2.50 2.51 67.00
41.00 2.50 2.51 67.00
41.10 2.49 2.55 67.00
41.20 2.50 2.51 67.00
41.30 2.50 2.50 67.00
41.40 2.50 2.50 67.00
41.50 2.50 2.50 67.00
41.60 2.49 2.54 67.00
41.70 2.50 2.51 67.00
41.80 2.49 2.54 67.00
41.90 2.49 2.54 67.00
42.00 2.49 2.54 67.00
42.10 2.49 2.53 67.00
42.20 2.49 2.53 67.00
42.30 2.50 2.49 67.00
42.40 2.50 2.49 67.00
42.50 2.50 2.50 67.00
42.60 2.50 2.50 67.00
42.70 2.50 2.51 67.00
42.80 2.49 2.55 67.00
42.90 2.49 2.55 67.00
43.00 2.49 2.54 67.00
43.10 2.49 2.53 67.00
43.20 2.50 2.49 67.00
43.30 2.50 2.49 67.00
43.40 2.50 2.50 67.00
43.50 2.50 2.50 67.00
43.60 2.50 2.51 67.00
43.70 2.50 2.51 67.00
43.80 2.50 2.51 67.00
43.90 2.49 2.55 67.00
44.00 2.49 2.55 67.00
44.10 2.49 2.54 67.00
44.20 2.49 2.53 67.00
44.30 2.49 2.53 67.00
44.40 2.50 2.49 67.00
44.50 2.50 2.49 67.00
44.60 2.50 2.50 67.00
44.70 2.50 2.50 67.00
44.80 2.50 2.51 67.00
44.90 2.49 2.55 67.00
45.00 2.49 2.55 67.00
45.10 2.50 2.50 67.00
45.20 2.50 2.49 67.00
45.30 2.49 2.53 67.00
45.40 2.50 2.51 67.00
45.50 2.50 2.50 67.00
45.60 2.50 2.50 67.00
45.70 2.50 2.51 67.00
45.80 2.50 2.51 67.00
45.90 2.49 2.55 67.00
46.00 2.49 2.55 67.00
46.10 2.49 2.54 67.00
46.20 2.50 2.49 67.00
46.30 2.49 2.52 67.00
46.40 2.49 2.53 67.00
46.50 2.49 2.53 67.00
46.60 2.50 2.49 67.00
46.70 2.50 2.49 67.00
46.80 2.50 2.50 67.00
46.90 2.50 2.50 67.00
47.00 2.49 2.55 67.00
47.10 2.49 2.55 67.00
47.20 2.50 2.50 67.00
47.30 2.50 2.49 67.00
47.40 2.50 2.50 67.00
47.50 2.50 2.50 67.00
47.60 2.50 2.51 67.00
47.70 2.50 2.51 67.00
47.80 2.50 2.51 67.00
47.90 2.50 2.51 67.00
48.00 2.49 2.55 67.00
48.10 2.50 2.51 67.00
48.20 2.49 2.54 67.00
48.30 2.50 2.50 67.00
48.40 2.49 2.53 67.00
48.50 2.49 2.54 67.00
48.60 2.50 2.50 67.00
48.70 2.50 2.49 67.00
48.80 2.50 2.50 67.00
48.90 2.50 2.50 67.00
49.00 2.50 2.51 67.00
49.10 2.50 2.51 67.00
49.20 2.49 2.55 67.00
49.30 2.50 2.51 67.00
49.40 2.50 2.50 67.00
49.50 2.50 2.50 67.00
49.60 2.50 2.50 67.00
49.70 2.50 2.51 67.00
49.80 2.50 2.51 67.00
49.90 2.50 2.51 67.00
50.00 2.50 2.51 67.00
50.10 2.49 2.55 67.00
50.20 2.49 2.55 67.00
50.30 2.49 2.54 67.00
50.40 2.49 2.53 67.00
50.50 2.49 2.53 67.00
50.60 2.50 2.49 67.00
50.70 2.50 2.49 67.00
50.80 2.50 2.50 67.00
50.90 2.50 2.50 67.00
51.00 2.50 2.51 67.00
51.10 2.49 2.55 67.00
51.20 2.49 2.55 67.00
51.30 2.49 2.54 67.00
51.40 2.49 2.53 67.00
51.50 2.49 2.53 67.00
51.60 2.50 2.49 67.00
51.70 2.50 2.49 67.00
51.80 2.50 2.50 67.00
51.90 2.50 2.50 67.00
52.00 2.50 2.51 67.00
52.10 2.49 2.55 67.00
52.20 2.49 2.55 67.00
52.30 2.49 2.54 67.00
52.40 2.49 2.53 67.00
52.50 2.49 2.53 67.00
52.60 2.49 2.53 67.00
52.70 2.50 2.49 67.00
52.80 2.50 2.49 67.00
52.90 2.50 2.50 67.00
53.00 2.50 2.50 67.00
53.10 2.50 2.51 67.00
53.20 2.49 2.55 67.00
53.30 2.49 2.55 67.00
53.40 2.49 2.54 67.00
53.50 2.49 2.53 67.00
53.60 2.49 2.53 67.00
53.70 2.50 2.49 67.00
53.80 2.50 2.49 67.00
53.90 2.50 2.50 67.00
54.00 2.50 2.50 67.00
