0.00 0.00 0.00
0.10 0.00 0.00
0.20 0.00 0.00
0.30 0.00 0.00
0.40 0.00 0.00
0.50 0.00 0.00
0.60 0.00 0.00
0.70 0.00 0.00
0.80 0.00 0.00
0.90 0.00 0.00
1.00 0.00 0.00
1.10 0.00 5.00
1.20 0.01 5.00
1.30 0.07 5.00
1.40 0.15 5.00
1.50 0.25 5.00
1.60 0.36 5.00
1.70 0.49 5.00
1.80 0.63 5.00
1.90 0.77 5.00
2.00 0.92 5.00
2.10 1.07 5.00
2.20 1.22 5.00
2.30 1.37 5.00
2.40 1.51 5.00
2.50 1.66 4.34
2.60 1.79 3.58
2.70 1.92 3.09
2.80 2.03 2.84
2.90 2.13 2.66
3.00 2.20 2.57
3.10 2.27 2.49
3.20 2.33 2.44
3.30 2.37 2.41
3.40 2.40 2.40
3.50 2.43 2.42
3.60 2.45 2.39
3.70 2.47 2.36
3.80 2.48 2.39
3.90 2.49 2.40
4.00 2.50 2.42
4.10 2.50 2.47
4.20 2.50 2.46
4.30 2.50 2.47
4.40 2.50 2.48
4.50 2.50 2.49
4.60 2.50 2.49
4.70 2.50 2.49
4.80 2.50 2.53
4.90 2.50 2.53
5.00 2.50 2.52
5.10 2.50 2.51
5.20 2.49 2.55
5.30 2.49 2.55
5.40 2.49 2.54
5.50 2.49 2.53
5.60 2.49 2.53
5.70 2.49 2.53
5.80 2.49 2.53
5.90 2.49 2.53
6.00 2.49 2.53
6.10 2.49 2.56
6.20 2.49 2.57
6.30 2.49 2.56
6.40 2.49 2.51
6.50 2.49 2.54
6.60 2.49 2.52
6.70 2.49 2.51
6.80 2.49 2.52
6.90 2.49 2.52
7.00 2.49 2.53
7.10 2.49 2.53
7.20 2.49 2.53
7.30 2.49 2.53
7.40 2.49 2.53
7.50 2.49 2.53
7.60 2.49 2.53
7.70 2.49 2.56
7.80 2.49 2.57
7.90 2.49 2.56
8.00 2.49 2.51
8.10 2.49 2.51
8.20 2.49 2.51
8.30 2.49 2.52
8.40 2.49 2.53
8.50 2.49 2.53
8.60 2.49 2.53
8.70 2.49 2.53
8.80 2.49 2.53
8.90 2.49 2.53
9.00 2.49 2.53
9.10 2.49 2.53
9.20 2.49 2.53
9.30 2.49 2.53
9.40 2.49 2.56
9.50 2.49 2.53
9.60 2.49 2.52
9.70 2.49 2.52
9.80 2.49 2.52
9.90 2.49 2.53
10.00 2.49 2.53
10.10 2.49 2.53
10.20 2.49 2.53
10.30 2.49 2.53
10.40 2.49 2.53
10.50 2.49 2.53
10.60 2.49 2.53
10.70 2.49 2.53
10.80 2.49 2.53
10.90 2.49 2.53
11.00 2.49 2.53
11.10 2.49 2.53
11.20 2.49 2.53
11.30 2.49 2.53
11.40 2.49 2.53
11.50 2.49 2.53
11.60 2.49 2.53
11.70 2.49 2.53
11.80 2.49 2.53
11.90 2.49 2.53
12.00 2.49 2.53
12.10 2.49 2.53
12.20 2.49 2.53
12.30 2.49 2.53
12.40 2.49 2.53
12.50 2.49 2.53
12.60 2.49 2.53
12.70 2.49 2.53
12.80 2.49 2.53
12.90 2.49 2.53
13.00 2.49 2.53
13.10 2.49 2.53
13.20 2.49 2.53
13.30 2.49 2.53
13.40 2.49 2.53
13.50 2.49 2.53
13.60 2.49 2.53
13.70 2.49 2.53
13.80 2.49 2.53
13.90 2.49 2.53
14.00 2.49 2.53
14.10 2.49 2.53
14.20 2.49 2.53
14.30 2.49 2.53
14.40 2.49 2.53
14.50 2.49 2.53
14.60 2.49 2.53
14.70 2.49 2.53
14.80 2.49 2.53
14.90 2.49 2.53
15.00 2.49 2.53
15.10 2.49 2.53
15.20 2.49 2.53
15.30 2.49 2.53
15.40 2.49 2.53
15.50 2.49 2.53
15.60 2.49 2.53
15.70 2.49 2.53
15.80 2.49 2.53
15.90 2.49 2.53
16.00 2.50 2.49
16.10 2.49 2.52
16.20 2.49 2.54
16.30 2.49 2.54
16.40 2.49 2.53
16.50 2.49 2.53
16.60 2.50 2.49
16.70 2.49 2.52
16.80 2.49 2.54
16.90 2.50 2.50
17.00 2.50 2.49
17.10 2.50 2.50
17.20 2.50 2.50
17.30 2.49 2.55
17.40 2.50 2.51
17.50 2.49 2.54
17.60 2.50 2.50
17.70 2.49 2.53
17.80 2.49 2.54
17.90 2.49 2.54
18.00 2.49 2.53
18.10 2.50 2.49
18.20 2.50 2.49
18.30 2.49 2.53
18.40 2.50 2.51
18.50 2.50 2.50
18.60 2.49 2.54
18.70 2.49 2.55
18.80 2.49 2.54
18.90 2.50 2.50
19.00 2.50 2.49
19.10 2.50 2.50
19.20 2.50 2.50
19.30 2.50 2.51
19.40 2.50 2.51
19.50 2.49 2.55
19.60 2.49 2.55
19.70 2.49 2.54
19.80 2.49 2.53
19.90 2.50 2.49
20.00 2.49 2.52
20.10 2.50 2.50
20.20 2.49 2.53
20.30 2.49 2.54
20.40 2.49 2.54
20.50 2.50 2.49
20.60 2.50 2.49
20.70 2.50 2.50
20.80 2.50 2.50
20.90 2.50 2.51
21.00 2.50 2.51
21.10 2.49 2.55
21.20 2.49 2.55
21.30 2.50 2.50
21.40 2.50 2.49
21.50 2.49 2.53
21.60 2.49 2.54
21.70 2.49 2.54
21.80 2.49 2.53
21.90 2.50 2.49
22.00 2.50 2.49
22.10 2.49 2.53
22.20 2.49 2.54
22.30 2.50 2.50
22.40 2.50 2.49
22.50 2.49 2.53
22.60 2.49 2.54
22.70 2.49 2.54
22.80 2.50 2.50
22.90 2.50 2.49
23.00 2.50 2.50
23.10 2.50 2.50
23.20 2.50 2.51
23.30 2.49 2.55
23.40 2.49 2.55
23.50 2.50 2.50
23.60 2.50 2.49
23.70 2.49 2.53
23.80 2.49 2.54
23.90 2.50 2.50
24.00 2.50 2.49
24.10 2.50 2.50
24.20 2.50 2.50
24.30 2.49 2.54
24.40 2.49 2.55
24.50 2.49 2.54
24.60 2.49 2.53
24.70 2.50 2.49
24.80 2.50 2.49
24.90 2.50 2.50
25.00 2.50 2.50
25.10 2.49 2.55
25.20 2.50 2.51
25.30 2.49 2.54
25.40 2.49 2.54
25.50 2.49 2.54
25.60 2.50 2.49
25.70 2.50 2.49
25.80 2.49 2.53
25.90 2.50 2.51
26.00 2.50 2.50
26.10 2.49 2.54
26.20 2.50 2.51
26.30 2.49 2.54
26.40 2.49 2.54
26.50 2.50 2.50
26.60 2.50 2.49
26.70 2.49 2.53
26.80 2.50 2.51
26.90 2.50 2.50
27.00 2.50 2.50
27.10 2.49 2.54
27.20 2.50 2.51
27.30 2.50 2.50
27.40 2.49 2.54
27.50 2.49 2.54
27.60 2.50 2.50
27.70 2.49 2.53
27.80 2.49 2.54
27.90 2.49 2.53
28.00 2.50 2.49
28.10 2.49 2.53
28.20 2.50 2.50
28.30 2.49 2.53
28.40 2.50 2.50
28.50 2.50 2.50
28.60 2.50 2.50
28.70 2.50 2.51
28.80 2.49 2.55
28.90 2.50 2.51
29.00 2.50 2.50
29.10 2.50 2.50
29.20 2.50 2.50
29.30 2.49 2.54
29.40 2.49 2.55
29.50 2.49 2.54
29.60 2.49 2.53
29.70 2.50 2.49
29.80 2.50 2.49
29.90 2.50 2.50
30.00 2.50 2.50
30.10 2.50 2.51
30.20 2.49 2.55
30.30 2.49 2.55
30.40 2.50 2.50
30.50 2.49 2.53
30.60 2.49 2.54
30.70 2.49 2.53
30.80 2.49 2.53
30.90 2.49 2.53
31.00 2.49 2.53
31.10 2.50 2.49
31.20 2.50 2.49
31.30 2.50 2.50
31.40 2.50 2.50
31.50 2.50 2.51
31.60 2.49 2.55
31.70 2.49 2.55
31.80 2.49 2.54
31.90 2.49 2.53
32.00 2.49 2.53
32.10 2.50 2.49
32.20 2.50 2.49
32.30 2.50 2.50
32.40 2.50 2.50
32.50 2.49 2.55
32.60 2.49 2.55
32.70 2.50 2.50
32.80 2.50 2.49
32.90 2.50 2.50
33.00 2.50 2.50
33.10 2.49 2.54
33.20 2.49 2.55
33.30 2.49 2.54
33.40 2.49 2.53
33.50 2.49 2.53
33.60 2.49 2.53
33.70 2.50 2.49
33.80 2.49 2.52
33.90 2.50 2.50
34.00 2.50 2.50
34.10 2.50 2.50
34.20 2.50 2.51
34.30 2.50 2.51
34.40 2.50 2.51
34.50 2.49 2.55
34.60 2.49 2.55
34.70 2.49 2.54
34.80 2.49 2.53
34.90 2.49 2.53
35.00 2.49 2.53
35.10 2.50 2.49
35.20 2.50 2.49
35.30 2.50 2.50
35.40 2.49 2.54
35.50 2.49 2.55
35.60 2.49 2.54
35.70 2.50 2.50
35.80 2.49 2.53
35.90 2.49 2.53
36.00 2.49 2.53
36.10 2.50 2.49
36.20 2.50 2.49
36.30 2.50 2.50
36.40 2.50 2.50
36.50 2.50 2.51
36.60 2.49 2.55
36.70 2.49 2.55
36.80 2.49 2.54
36.90 2.50 2.49
37.00 2.50 2.49
37.10 2.50 2.50
37.20 2.49 2.54
37.30 2.49 2.55
37.40 2.50 2.50
37.50 2.50 2.49
37.60 2.50 2.50
37.70 2.50 2.50
37.80 2.50 2.51
37.90 2.49 2.55
38.00 2.49 2.55
38.10 2.49 2.54
38.20 2.50 2.49
38.30 2.49 2.52
38.40 2.50 2.50
38.50 2.50 2.50
38.60 2.50 2.50
38.70 2.49 2.54
38.80 2.50 2.51
38.90 2.50 2.50
39.00 2.50 2.50
39.10 2.49 2.54
39.20 2.50 2.51
39.30 2.49 2.54
39.40 2.50 2.50
39.50 2.50 2.50
39.60 2.50 2.50
39.70 2.50 2.51
39.80 2.50 2.51
39.90 2.50 2.51
40.00 2.50 2.51
40.10 2.49 2.55
40.20 2.49 2.55
40.30 2.50 2.50
40.40 2.49 2.53
40.50 2.49 2.54
40.60 2.49 2.53
40.70 2.49 2.53
40.80 2.49 2.53
40.90 2.49 2.53
41.00 2.50 2.49
41.10 2.50 2.49
41.20 2.50 2.50
41.30 2.50 2.50
41.40 2.49 2.55
41.50 2.49 2.55
41.60 2.49 2.54
41.70 2.50 2.50
41.80 2.50 2.49
41.90 2.50 2.50
42.00 2.50 2.50
42.10 2.50 2.51
42.20 2.49 2.55
42.30 2.50 2.51
42.40 2.50 2.50
42.50 2.49 2.54
42.60 2.49 2.54
42.70 2.49 2.54
42.80 2.49 2.53
42.90 2.50 2.49
43.00 2.50 2.49
43.10 2.49 2.53
43.20 2.50 2.51
43.30 2.49 2.54
43.40 2.50 2.50
43.50 2.49 2.53
43.60 2.49 2.54
43.70 2.50 2.50
43.80 2.50 2.49
43.90 2.50 2.50
44.00 2.50 2.50
44.10 2.50 2.51
44.20 2.50 2.51
44.30 2.50 2.51
44.40 2.50 2.51
44.50 2.50 2.51
44.60 2.49 2.55
44.70 2.49 2.55
44.80 2.49 2.54
44.90 2.49 2.53
45.00 2.49 2.53
45.10 2.50 2.49
45.20 2.50 2.49
45.30 2.50 2.50
45.40 2.50 2.50
45.50 2.49 2.55
45.60 2.49 2.55
45.70 2.50 2.50
45.80 2.50 2.49
45.90 2.50 2.50
46.00 2.50 2.50
46.10 2.50 2.51
46.20 2.49 2.55
46.30 2.49 2.55
46.40 2.49 2.54
46.50 2.49 2.53
46.60 2.50 2.49
46.70 2.50 2.49
46.80 2.49 2.53
46.90 2.50 2.51
47.00 2.50 2.50
47.10 2.50 2.50
47.20 2.50 2.51
47.30 2.50 2.51
47.40 2.50 2.51
47.50 2.50 2.51
47.60 2.50 2.51
47.70 2.49 2.55
47.80 2.49 2.55
47.90 2.49 2.54
48.00 2.49 2.53
48.10 2.50 2.49
48.20 2.50 2.49
48.30 2.50 2.50
48.40 2.50 2.50
48.50 2.49 2.55
48.60 2.49 2.55
48.70 2.49 2.54
48.80 2.49 2.53
48.90 2.50 2.49
49.00 2.50 2.49
49.10 2.50 2.50
49.20 2.50 2.50
49.30 2.50 2.51
49.40 2.50 2.51
49.50 2.49 2.55
49.60 2.50 2.51
49.70 2.50 2.50
49.80 2.49 2.54
49.90 2.49 2.54
50.00 2.50 2.50
50.10 2.50 2.49
50.20 2.50 2.50
50.30 2.49 2.54
50.40 2.50 2.51
50.50 2.50 2.50
50.60 2.50 2.50
50.70 2.50 2.51
50.80 2.50 2.51
50.90 2.49 2.55
51.00 2.50 2.51
51.10 2.49 2.54
51.20 2.49 2.54
51.30 2.49 2.54
51.40 2.50 2.49
51.50 2.50 2.49
51.60 2.50 2.50
51.70 2.50 2.50
51.80 2.49 2.55
51.90 2.49 2.55
52.00 2.50 2.50
52.10 2.50 2.49
52.20 2.50 2.50
52.30 2.50 2.50
52.40 2.50 2.51
52.50 2.50 2.51
52.60 2.49 2.55
52.70 2.50 2.51
52.80 2.50 2.50
52.90 2.50 2.50
53.00 2.49 2.54
53.10 2.49 2.55
53.20 2.49 2.54
53.30 2.50 2.50
53.40 2.50 2.49
53.50 2.50 2.50
53.60 2.50 2.50
53.70 2.50 2.51
53.80 2.49 2.55
53.90 2.49 2.55
54.00 2.49 2.54
54.10 2.49 2.53
54.20 2.50 2.49
54.30 2.5